{
  "camera_angle_x": 1.1668302800881416,
  "camera_angle_y": 0.9183097112541396,
  "fl_x": 775.6864853969748,
  "fl_y": 776.704358111534,
  "k1": 0.006811990884607978,
  "k2": -0.007294627123798117,
  "k3": 0,
  "k4": 0,
  "p1": 0.0003850882489084212,
  "p2": -0.0005398545641994199,
  "is_fisheye": false,
  "cx": 512.6260291100305,
  "cy": 387.90585796525306,
  "w": 1024.0,
  "h": 768.0,
  "aabb_scale": 16,
  "frames": [
    {
      "file_path": "./corrected_images/30481601514.jpg",
      "sharpness": 1385.1473706205772,
      "transform_matrix": [
        [
          0.02322345078694482,
          0.24247280144175723,
          0.9698802049232534,
          2.598274900775164
        ],
        [
          0.9923017214790152,
          0.11245585168535592,
          -0.051874608158049854,
          2.491439963173027
        ],
        [
          -0.12164688604118779,
          0.9636185043834149,
          -0.23799456534517632,
          1.3398712446651513
        ],
        [
          0.0,
          0.0,
          0.0,
          1.0
        ]
      ]
    },
    {
      "file_path": "./corrected_images/30453542445.jpg",
      "sharpness": 1904.1087028402574,
      "transform_matrix": [
        [
          -0.11459624414430114,
          0.1879900824250229,
          0.9754626747063635,
          16.550913326338172
        ],
        [
          0.9913710524653019,
          0.08455423487860401,
          0.10016994408494334,
          2.862616352000347
        ],
        [
          -0.0636485440673947,
          0.978524557832545,
          -0.196057523610317,
          -2.1647003260920887
        ],
        [
          0.0,
          0.0,
          0.0,
          1.0
        ]
      ]
    },
    {
      "file_path": "./corrected_images/30480117701.jpg",
      "sharpness": 1531.7519409234062,
      "transform_matrix": [
        [
          0.12962081334375494,
          0.030246028000502925,
          0.9911022260825246,
          2.7181665542796787
        ],
        [
          0.9824895187299718,
          0.13099689343063492,
          -0.13249211107578393,
          2.4443015989785994
        ],
        [
          -0.1338386727904414,
          0.9909212843152977,
          -0.012736481621723358,
          1.6957208138175348
        ],
        [
          0.0,
          0.0,
          0.0,
          1.0
        ]
      ]
    },
    {
      "file_path": "./corrected_images/30469180840.jpg",
      "sharpness": 2283.1069541857523,
      "transform_matrix": [
        [
          0.3765068714758549,
          0.05469804423581775,
          0.9247976533792029,
          5.1885443307013555
        ],
        [
          0.8965360061991163,
          0.22996404505015924,
          -0.3786023343466772,
          1.9352209128689484
        ],
        [
          -0.23337901645585496,
          0.9716607751412285,
          0.03754427702768534,
          1.2245304793258358
        ],
        [
          0.0,
          0.0,
          0.0,
          1.0
        ]
      ]
    },
    {
      "file_path": "./corrected_images/30462411984.jpg",
      "sharpness": 2388.9897296170216,
      "transform_matrix": [
        [
          -0.11690908516507964,
          0.09133771720988589,
          0.9889336111328155,
          11.392518109174368
        ],
        [
          0.989775326101762,
          0.09264433252849096,
          0.10845197780837486,
          4.431923687852492
        ],
        [
          -0.08171333823847575,
          0.9915011089618961,
          -0.10123478299844067,
          -1.0396306930219743
        ],
        [
          0.0,
          0.0,
          0.0,
          1.0
        ]
      ]
    },
    {
      "file_path": "./corrected_images/30465146202.jpg",
      "sharpness": 1720.8532430860735,
      "transform_matrix": [
        [
          0.12562368450697634,
          0.07867301225824445,
          0.9889536121783192,
          8.942456874322183
        ],
        [
          0.9802207962810094,
          0.1438170745351353,
          -0.13595528533465134,
          2.4729670211209105
        ],
        [
          -0.15292442718414676,
          0.9864721010863489,
          -0.05905009192348388,
          -0.20094742489945608
        ],
        [
          0.0,
          0.0,
          0.0,
          1.0
        ]
      ]
    },
    {
      "file_path": "./corrected_images/30484452428.jpg",
      "sharpness": 785.5633813975518,
      "transform_matrix": [
        [
          -0.07795456354839785,
          0.2928998943742915,
          0.9529599875676561,
          2.8072017145272556
        ],
        [
          0.9950457538850415,
          0.08201691436756484,
          0.05618873048058698,
          0.40970381532537226
        ],
        [
          -0.061701164473262626,
          0.9526189572124911,
          -0.2978423889736257,
          1.2311850197640914
        ],
        [
          0.0,
          0.0,
          0.0,
          1.0
        ]
      ]
    },
    {
      "file_path": "./corrected_images/30474949368.jpg",
      "sharpness": 1605.202691900697,
      "transform_matrix": [
        [
          0.42207743289960764,
          -0.175240453893429,
          0.8894613111111364,
          2.7457932043999547
        ],
        [
          0.8736184877734194,
          0.340705481522117,
          -0.34743418467576476,
          2.6515834951925714
        ],
        [
          -0.24215982007673886,
          0.9236939743153888,
          0.29689739534278486,
          0.875880848337255
        ],
        [
          0.0,
          0.0,
          0.0,
          1.0
        ]
      ]
    },
    {
      "file_path": "./corrected_images/30475082750.jpg",
      "sharpness": 1680.8660252077716,
      "transform_matrix": [
        [
          0.41896285368940606,
          -0.187756666141848,
          0.8883791766780484,
          2.730291018805943
        ],
        [
          0.8751527594433522,
          0.34428808901201924,
          -0.33996082039432907,
          2.6496394039859505
        ],
        [
          -0.24202845880046955,
          0.9198984433568073,
          0.30855968474167034,
          0.8290834479416768
        ],
        [
          0.0,
          0.0,
          0.0,
          1.0
        ]
      ]
    },
    {
      "file_path": "./corrected_images/30488887184.jpg",
      "sharpness": 994.5100274198388,
      "transform_matrix": [
        [
          -0.09285133971213497,
          0.014690620103234167,
          0.9955716018459365,
          2.314801212509697
        ],
        [
          0.9935558761516751,
          0.06664465398163856,
          0.0916799381554764,
          -1.1458404931880577
        ],
        [
          -0.06500268977643796,
          0.9976686202262277,
          -0.020783997334727095,
          1.0412069034396354
        ],
        [
          0.0,
          0.0,
          0.0,
          1.0
        ]
      ]
    },
    {
      "file_path": "./corrected_images/30489187278.jpg",
      "sharpness": 980.9328126083496,
      "transform_matrix": [
        [
          -0.09529059880564542,
          -0.018908635469781106,
          0.9952698957023527,
          2.2900699234722737
        ],
        [
          0.9932093205626142,
          0.06523242940275494,
          0.09633263051433688,
          -1.1256540541726963
        ],
        [
          -0.06674539180233167,
          0.9976909309331919,
          0.012564195728371889,
          0.9809841993121126
        ],
        [
          0.0,
          0.0,
          0.0,
          1.0
        ]
      ]
    },
    {
      "file_path": "./corrected_images/30512278009.jpg",
      "sharpness": 648.4180173380155,
      "transform_matrix": [
        [
          -0.4336097762708341,
          0.5574154555223694,
          0.7080046411391567,
          1.9644138627458072
        ],
        [
          0.8942725266492739,
          0.16965286852723208,
          0.4141190073890019,
          -1.3924577227812158
        ],
        [
          0.11072131684436053,
          0.8127151494543714,
          -0.5720444701691436,
          0.3217995454811778
        ],
        [
          0.0,
          0.0,
          0.0,
          1.0
        ]
      ]
    },
    {
      "file_path": "./corrected_images/30491738102.jpg",
      "sharpness": 1729.2434906537308,
      "transform_matrix": [
        [
          -0.14490869747382273,
          -0.28550934513112597,
          0.9473573155080797,
          2.339680644212768
        ],
        [
          0.9870609752959102,
          0.024712561069014507,
          0.158429543877852,
          -0.6939238036900746
        ],
        [
          -0.06864474083565958,
          0.9580572546438317,
          0.2782340676254726,
          0.6371279829550439
        ],
        [
          0.0,
          0.0,
          0.0,
          1.0
        ]
      ]
    },
    {
      "file_path": "./corrected_images/30502424854.jpg",
      "sharpness": 746.1381672686339,
      "transform_matrix": [
        [
          -0.565136420752804,
          -0.011759740119863814,
          0.8249136527288554,
          2.74264988442804
        ],
        [
          0.8181495916129254,
          -0.13655278154180003,
          0.5585558016857832,
          -1.4294411118442965
        ],
        [
          0.1060757827416647,
          0.9905629946514561,
          0.0867921767809131,
          0.7388761562282481
        ],
        [
          0.0,
          0.0,
          0.0,
          1.0
        ]
      ]
    },
    {
      "file_path": "./corrected_images/30509377078.jpg",
      "sharpness": 874.0377922275657,
      "transform_matrix": [
        [
          -0.49703963887667757,
          0.4278374528722835,
          0.7549216590564465,
          3.2276561504483046
        ],
        [
          0.8512521363194039,
          0.0716847325784877,
          0.5198375703302417,
          -0.7620080494204159
        ],
        [
          0.16828962475023754,
          0.9010085532570616,
          -0.3998276993487663,
          0.6545345529387546
        ],
        [
          0.0,
          0.0,
          0.0,
          1.0
        ]
      ]
    },
    {
      "file_path": "./corrected_images/30506709560.jpg",
      "sharpness": 917.2490443678815,
      "transform_matrix": [
        [
          -0.6700019687375852,
          0.23718217869832797,
          0.7034500522447302,
          3.109756001708021
        ],
        [
          0.7275600020911224,
          0.021530397745026596,
          0.6857061216951138,
          -0.861978408258611
        ],
        [
          0.1474917124718392,
          0.9712265729933166,
          -0.18698967530660354,
          1.378331834236144
        ],
        [
          0.0,
          0.0,
          0.0,
          1.0
        ]
      ]
    },
    {
      "file_path": "./corrected_images/30502508217.jpg",
      "sharpness": 861.8509342781944,
      "transform_matrix": [
        [
          -0.5734005833102016,
          -0.0059462689779761786,
          0.8192535706069287,
          2.7521764149475483
        ],
        [
          0.8123682413013515,
          -0.1336992586538242,
          0.5676110893564482,
          -1.4139737424587087
        ],
        [
          0.10615842682744933,
          0.9910041120641297,
          0.08149379297218762,
          0.7555036260426513
        ],
        [
          0.0,
          0.0,
          0.0,
          1.0
        ]
      ]
    },
    {
      "file_path": "./corrected_images/30515095570.jpg",
      "sharpness": 410.38446965512895,
      "transform_matrix": [
        [
          -0.06546196700311005,
          0.6117303583155994,
          0.7883531566490942,
          1.2514925076715644
        ],
        [
          0.9962522581331924,
          0.08482779029767275,
          0.01690219387463782,
          -0.5768709203203386
        ],
        [
          -0.056534671137485774,
          0.7865050633757926,
          -0.614990744849956,
          0.32228567021069693
        ],
        [
          0.0,
          0.0,
          0.0,
          1.0
        ]
      ]
    },
    {
      "file_path": "./corrected_images/30515462351.jpg",
      "sharpness": 447.7456091120578,
      "transform_matrix": [
        [
          -0.014542233816503273,
          0.619612238126492,
          0.7847733416770378,
          1.1459351775399451
        ],
        [
          0.9966496432489844,
          0.0721589618848865,
          -0.03850419238751381,
          -0.42391626812401567
        ],
        [
          -0.08048609847282888,
          0.7815841340451184,
          -0.6185856685771591,
          0.3522004421360938
        ],
        [
          0.0,
          0.0,
          0.0,
          1.0
        ]
      ]
    },
    {
      "file_path": "./corrected_images/30516079218.jpg",
      "sharpness": 564.6071677510563,
      "transform_matrix": [
        [
          0.053831008490472364,
          0.6267257477629545,
          0.7773783246420647,
          1.0646939033086489
        ],
        [
          0.9918668048465149,
          0.056360378630859874,
          -0.11412164196241877,
          -0.22854005097773622
        ],
        [
          -0.11533630811108335,
          0.7771990380970876,
          -0.6185945289280808,
          0.3838515093342786
        ],
        [
          0.0,
          0.0,
          0.0,
          1.0
        ]
      ]
    },
    {
      "file_path": "./corrected_images/30519413612.jpg",
      "sharpness": 570.995762622642,
      "transform_matrix": [
        [
          0.4281612003101804,
          0.5823953973076104,
          0.6910091082983609,
          0.9074857985884843
        ],
        [
          0.8618635907261863,
          -0.03318936254140536,
          -0.5060529786442394,
          1.508990459769166
        ],
        [
          -0.2717887737414839,
          0.812227842059385,
          -0.516155785649199,
          0.28859237461016646
        ],
        [
          0.0,
          0.0,
          0.0,
          1.0
        ]
      ]
    },
    {
      "file_path": "./corrected_images/30520180537.jpg",
      "sharpness": 662.7155200208848,
      "transform_matrix": [
        [
          0.5350038499296464,
          0.5283716240578755,
          0.6592376714496362,
          0.9748893178591016
        ],
        [
          0.800922996289754,
          -0.06886484063542093,
          -0.5947940717076352,
          1.8943555116773898
        ],
        [
          -0.2688740124629146,
          0.8462157293634384,
          -0.46002793915965906,
          0.20054438058279192
        ],
        [
          0.0,
          0.0,
          0.0,
          1.0
        ]
      ]
    },
    {
      "file_path": "./corrected_images/30520397257.jpg",
      "sharpness": 822.3329776966307,
      "transform_matrix": [
        [
          0.565581158648688,
          0.5022615543459434,
          0.6541034199689252,
          0.916596959606944
        ],
        [
          0.7797955945200132,
          -0.06757222763745528,
          -0.6223767547228432,
          1.9488768975253157
        ],
        [
          -0.2683966910233011,
          0.862071531304398,
          -0.4298789261754058,
          0.13303775310945046
        ],
        [
          0.0,
          0.0,
          0.0,
          1.0
        ]
      ]
    },
    {
      "file_path": "./corrected_images/30535535407.jpg",
      "sharpness": 572.7033511322599,
      "transform_matrix": [
        [
          0.16891749907861164,
          0.08449049072073499,
          0.9820021565608887,
          -1.0711982736167114
        ],
        [
          0.9774864481292858,
          0.11345104319067648,
          -0.17790195199206638,
          0.8829936284463009
        ],
        [
          -0.12644019230131315,
          0.9899445528837049,
          -0.06342444319168304,
          -2.6975837180647533
        ],
        [
          0.0,
          0.0,
          0.0,
          1.0
        ]
      ]
    },
    {
      "file_path": "./corrected_images/30524665290.jpg",
      "sharpness": 1416.6684217793565,
      "transform_matrix": [
        [
          0.6969814117129904,
          0.2776614832784413,
          0.6611512780276705,
          0.332598607991635
        ],
        [
          0.654265674905223,
          0.13115806341475705,
          -0.7448046650244279,
          2.173189795950043
        ],
        [
          -0.2935188892936863,
          0.9516835940123717,
          -0.09024964555599549,
          -0.5032859030326007
        ],
        [
          0.0,
          0.0,
          0.0,
          1.0
        ]
      ]
    },
    {
      "file_path": "./corrected_images/30538019528.jpg",
      "sharpness": 535.2204384124876,
      "transform_matrix": [
        [
          -0.07102914793421672,
          0.12026496318645201,
          0.990197555430703,
          -0.975789248208896
        ],
        [
          0.9963408014056434,
          0.05586498195456321,
          0.06468470642759051,
          0.13429077859688524
        ],
        [
          -0.0475380647283482,
          0.9911687255096624,
          -0.12379293186980289,
          -2.7294029414967653
        ],
        [
          0.0,
          0.0,
          0.0,
          1.0
        ]
      ]
    },
    {
      "file_path": "./corrected_images/30531350741.jpg",
      "sharpness": 586.7164551863809,
      "transform_matrix": [
        [
          0.5974070449951518,
          0.14158757197929897,
          0.7893400927728216,
          -0.5072370035347676
        ],
        [
          0.7606092864025319,
          0.21186712289747167,
          -0.6136658990635098,
          1.8476266990824917
        ],
        [
          -0.25412267909829706,
          0.9669877360666691,
          0.018878089735161467,
          -2.4189392572812625
        ],
        [
          0.0,
          0.0,
          0.0,
          1.0
        ]
      ]
    },
    {
      "file_path": "./corrected_images/30531534133.jpg",
      "sharpness": 581.6497376212161,
      "transform_matrix": [
        [
          0.5773062631056498,
          0.13246601461961344,
          0.8057110111927389,
          -0.5541216071979698
        ],
        [
          0.7781273074953677,
          0.20979411247829108,
          -0.592034056199052,
          1.8298371937012174
        ],
        [
          -0.24745781845093992,
          0.9687307083743315,
          0.018040031805806746,
          -2.465630275941097
        ],
        [
          0.0,
          0.0,
          0.0,
          1.0
        ]
      ]
    },
    {
      "file_path": "./corrected_images/30538553029.jpg",
      "sharpness": 888.5699057861784,
      "transform_matrix": [
        [
          -0.14859627900469755,
          0.12688043857246342,
          0.9807244772009398,
          -0.9460985832071188
        ],
        [
          0.9887054092950374,
          0.03863095293313206,
          0.14480767626841445,
          -0.058269985602921515
        ],
        [
          -0.019513059645524307,
          0.9911654775014199,
          -0.13118779181059037,
          -2.805224009456659
        ],
        [
          0.0,
          0.0,
          0.0,
          1.0
        ]
      ]
    },
    {
      "file_path": "./corrected_images/30540937123.jpg",
      "sharpness": 580.7136911922653,
      "transform_matrix": [
        [
          -0.402479566148661,
          0.17332969818842994,
          0.8988698540757348,
          -0.7243966336970086
        ],
        [
          0.911525223713292,
          -0.01470257956815591,
          0.4109812656174514,
          -0.9037223402617867
        ],
        [
          0.08445096428153703,
          0.984754106306458,
          -0.15207690407150848,
          -2.8342840965353586
        ],
        [
          0.0,
          0.0,
          0.0,
          1.0
        ]
      ]
    },
    {
      "file_path": "./corrected_images/30543421242.jpg",
      "sharpness": 545.817073909333,
      "transform_matrix": [
        [
          -0.6072187199437535,
          0.2044543107557097,
          0.7677785233846519,
          -0.22951771559581233
        ],
        [
          0.7775235295398368,
          -0.04598187760262581,
          0.6271704935215772,
          -1.5992288776843835
        ],
        [
          0.16353160906747025,
          0.977795531669583,
          -0.13104698046993718,
          -2.7209515735698764
        ],
        [
          0.0,
          0.0,
          0.0,
          1.0
        ]
      ]
    },
    {
      "file_path": "./corrected_images/30546188786.jpg",
      "sharpness": 864.0776908198918,
      "transform_matrix": [
        [
          -0.7634684080803291,
          0.23377027172477738,
          0.6020526969696681,
          0.5063229479621059
        ],
        [
          0.6088359465985389,
          -0.05051827052394714,
          0.7916859822383983,
          -2.2965705781672234
        ],
        [
          0.21548730820375334,
          0.970978560220793,
          -0.1037586410962631,
          -2.7141284736420443
        ],
        [
          0.0,
          0.0,
          0.0,
          1.0
        ]
      ]
    },
    {
      "file_path": "./corrected_images/30548706250.jpg",
      "sharpness": 710.9309650836449,
      "transform_matrix": [
        [
          -0.791172062513448,
          0.2621568265460167,
          0.552558201279266,
          1.3022418634130877
        ],
        [
          0.5678841485875396,
          -0.02052167562699405,
          0.8228526323786737,
          -2.962011188509719
        ],
        [
          0.2270558549911177,
          0.9648070579821937,
          -0.13263852980745505,
          -2.4397010179279017
        ],
        [
          0.0,
          0.0,
          0.0,
          1.0
        ]
      ]
    },
    {
      "file_path": "./corrected_images/30548889645.jpg",
      "sharpness": 808.8067311933895,
      "transform_matrix": [
        [
          -0.7942425784406871,
          0.259098004715786,
          0.549587982539308,
          1.3576494304959914
        ],
        [
          0.564039834307798,
          -0.021909551437935215,
          0.8254568655416629,
          -3.029933044153381
        ],
        [
          0.22591545301390778,
          0.9656025038884066,
          -0.12874009702282843,
          -2.4440011129985284
        ],
        [
          0.0,
          0.0,
          0.0,
          1.0
        ]
      ]
    },
    {
      "file_path": "./corrected_images/30551207042.jpg",
      "sharpness": 1013.8215784449062,
      "transform_matrix": [
        [
          -0.6760997652808356,
          0.09099986248544194,
          0.7311690176848777,
          2.029562428448984
        ],
        [
          0.7258775513943474,
          -0.08804824321297902,
          0.6821651466096033,
          -3.635217848504411
        ],
        [
          0.12645508203274838,
          0.9919508717180293,
          -0.006525360788469935,
          -1.420159689695779
        ],
        [
          0.0,
          0.0,
          0.0,
          1.0
        ]
      ]
    },
    {
      "file_path": "./corrected_images/30549139720.jpg",
      "sharpness": 1017.0302272064905,
      "transform_matrix": [
        [
          -0.784864026566549,
          0.2546159585349008,
          0.5649417434289454,
          1.4140375404099568
        ],
        [
          0.5797256682030337,
          -0.020313954822008394,
          0.814558464977243,
          -3.1353308797286705
        ],
        [
          0.21887578539598052,
          0.9668288664010386,
          -0.13166371431970877,
          -2.4050061658918747
        ],
        [
          0.0,
          0.0,
          0.0,
          1.0
        ]
      ]
    },
    {
      "file_path": "./corrected_images/30550323433.jpg",
      "sharpness": 971.2198030750714,
      "transform_matrix": [
        [
          -0.723095970675875,
          0.1495406449206287,
          0.67436623040932,
          1.700954733083473
        ],
        [
          0.6732311202224606,
          -0.06589204480575561,
          0.7364903917875468,
          -3.466292350066414
        ],
        [
          0.15457061803537572,
          0.9865575674817361,
          -0.05302914380006798,
          -1.9228401449130375
        ],
        [
          0.0,
          0.0,
          0.0,
          1.0
        ]
      ]
    },
    {
      "file_path": "./corrected_images/30552007297.jpg",
      "sharpness": 906.3552321060496,
      "transform_matrix": [
        [
          -0.6167231101365335,
          -0.01779091131318379,
          0.7869790905135963,
          2.3739864588618826
        ],
        [
          0.7816464960854377,
          -0.13217425996100668,
          0.609556166535263,
          -3.62293817543154
        ],
        [
          0.09317381919418755,
          0.9910668234209873,
          0.09542112417326364,
          -1.011313447296095
        ],
        [
          0.0,
          0.0,
          0.0,
          1.0
        ]
      ]
    },
    {
      "file_path": "./corrected_images/30553090972.jpg",
      "sharpness": 880.0845496507031,
      "transform_matrix": [
        [
          -0.5770056230606745,
          -0.076171713022075,
          0.8131804111629133,
          2.6562338740650033
        ],
        [
          0.8106295440441014,
          -0.17497476119378969,
          0.5588054896545627,
          -3.7689303766070434
        ],
        [
          0.09972087685757101,
          0.9816219756544439,
          0.16270846209865814,
          -0.42285167514278826
        ],
        [
          0.0,
          0.0,
          0.0,
          1.0
        ]
      ]
    },
    {
      "file_path": "./corrected_images/30554441398.jpg",
      "sharpness": 578.3097693448896,
      "transform_matrix": [
        [
          -0.5034844301690977,
          -0.1448204249537825,
          0.8517807658669831,
          2.823391677944118
        ],
        [
          0.8608388822085635,
          -0.16839395624914022,
          0.4802081781651793,
          -3.7687882503458545
        ],
        [
          0.07389078059310102,
          0.9750233433217239,
          0.20945078784420157,
          0.30405138294288425
        ],
        [
          0.0,
          0.0,
          0.0,
          1.0
        ]
      ]
    },
    {
      "file_path": "./corrected_images/30556425358.jpg",
      "sharpness": 689.4011856221268,
      "transform_matrix": [
        [
          -0.38856167505014083,
          -0.2870062393497752,
          0.8755839441561087,
          2.617541313854543
        ],
        [
          0.9214223609888011,
          -0.12019363213260967,
          0.3695055120896589,
          -3.933843480498704
        ],
        [
          -0.0008107729587470985,
          0.9503583057860265,
          0.3111566057119941,
          1.0496964147040866
        ],
        [
          0.0,
          0.0,
          0.0,
          1.0
        ]
      ]
    },
    {
      "file_path": "./corrected_images/30561393590.jpg",
      "sharpness": 1152.395665937388,
      "transform_matrix": [
        [
          -0.32614409987599013,
          -0.5238226249170077,
          0.7869179650691523,
          0.4658765916910656
        ],
        [
          0.9420915911380953,
          -0.11136732720179435,
          0.31632380931391785,
          -3.103307029667612
        ],
        [
          -0.07806061762173704,
          0.8445159418651818,
          0.5298106868680215,
          2.3986026762760018
        ],
        [
          0.0,
          0.0,
          0.0,
          1.0
        ]
      ]
    },
    {
      "file_path": "./corrected_images/30564394534.jpg",
      "sharpness": 822.7343367295093,
      "transform_matrix": [
        [
          -0.18681021369054066,
          -0.5399375486705907,
          0.8207127314742518,
          -0.8663566663532168
        ],
        [
          0.981854109685225,
          -0.0748719158062888,
          0.1742317523236725,
          -2.5652279742929007
        ],
        [
          -0.03262593071813572,
          0.8383684391522435,
          0.5441267397267785,
          2.7423885940078643
        ],
        [
          0.0,
          0.0,
          0.0,
          1.0
        ]
      ]
    },
    {
      "file_path": "./corrected_images/30558976163.jpg",
      "sharpness": 1066.8801770863333,
      "transform_matrix": [
        [
          -0.3121202018042812,
          -0.4144134700274257,
          0.8548932421612199,
          1.6678891103921978
        ],
        [
          0.9466773076901843,
          -0.059993327209863404,
          0.3165483782849022,
          -3.680782431789649
        ],
        [
          -0.07989402187012141,
          0.908109176562818,
          0.411040957471763,
          1.8742191527580174
        ],
        [
          0.0,
          0.0,
          0.0,
          1.0
        ]
      ]
    },
    {
      "file_path": "./corrected_images/30564494567.jpg",
      "sharpness": 876.4061568483336,
      "transform_matrix": [
        [
          -0.18606968891837114,
          -0.5404735727990585,
          0.8205281152886117,
          -0.8897360110650362
        ],
        [
          0.9821081550771762,
          -0.07765044657379723,
          0.1715633407166072,
          -2.505400669236234
        ],
        [
          -0.029011077139929998,
          0.8377700909319863,
          0.5452518978880123,
          2.7391282175085085
        ],
        [
          0.0,
          0.0,
          0.0,
          1.0
        ]
      ]
    },
    {
      "file_path": "./corrected_images/30566428509.jpg",
      "sharpness": 888.99807819444,
      "transform_matrix": [
        [
          -0.13263961566915974,
          -0.5281330576327444,
          0.8387384609030788,
          -1.2548815159654012
        ],
        [
          0.989408372188969,
          -0.02020196955299566,
          0.14374614244772463,
          -1.4767817166348076
        ],
        [
          -0.05897292088373841,
          0.848921288382587,
          0.525218850328866,
          2.7434064759579537
        ],
        [
          0.0,
          0.0,
          0.0,
          1.0
        ]
      ]
    },
    {
      "file_path": "./corrected_images/30567345465.jpg",
      "sharpness": 518.7890589485565,
      "transform_matrix": [
        [
          -0.12940105407552785,
          -0.5373381429585201,
          0.8333805177309289,
          -1.4991630640842126
        ],
        [
          0.9902754474541058,
          -0.02672840599060855,
          0.1365288631858442,
          -0.4363899269440306
        ],
        [
          -0.05108723298194357,
          0.8429432439035115,
          0.5355714538613502,
          2.693290962510283
        ],
        [
          0.0,
          0.0,
          0.0,
          1.0
        ]
      ]
    },
    {
      "file_path": "./corrected_images/30568845938.jpg",
      "sharpness": 814.3287180950074,
      "transform_matrix": [
        [
          -0.10501835866052575,
          -0.5320912540770903,
          0.8401488211539417,
          -1.6401781854503428
        ],
        [
          0.9926581418346146,
          -0.005109812717482905,
          0.1208457829776845,
          0.7418975308303016
        ],
        [
          -0.060007981083613354,
          0.8466715934505763,
          0.5287213397032671,
          2.5371322946005828
        ],
        [
          0.0,
          0.0,
          0.0,
          1.0
        ]
      ]
    },
    {
      "file_path": "./corrected_images/30570529799.jpg",
      "sharpness": 838.702802713131,
      "transform_matrix": [
        [
          -0.10799055093997176,
          -0.5309769256461614,
          0.8404769749056017,
          -1.8470393581813176
        ],
        [
          0.9915343242241008,
          0.00378345374550691,
          0.12978971208558274,
          1.9692832074874238
        ],
        [
          -0.07209524806242208,
          0.847377831853405,
          0.5260732698947239,
          2.3561707660376388
        ],
        [
          0.0,
          0.0,
          0.0,
          1.0
        ]
      ]
    },
    {
      "file_path": "./corrected_images/30572797182.jpg",
      "sharpness": 673.5158489844702,
      "transform_matrix": [
        [
          -0.049110641258420996,
          -0.51671280202823,
          0.8547491006972522,
          -1.8204360326679585
        ],
        [
          0.9963891849556654,
          0.033996148412015176,
          0.0778000899522614,
          3.1556388207212858
        ],
        [
          -0.06925847975962163,
          0.8554835720928416,
          0.5131774750202357,
          2.2579953348362114
        ],
        [
          0.0,
          0.0,
          0.0,
          1.0
        ]
      ]
    },
    {
      "file_path": "./corrected_images/30578082178.jpg",
      "sharpness": 1043.3156316244597,
      "transform_matrix": [
        [
          -0.4723791841306664,
          -0.44099858108561396,
          0.7631370505275975,
          -1.3118448032642123
        ],
        [
          0.8744705742931695,
          -0.3428147477243182,
          0.343189835860757,
          4.229223842945428
        ],
        [
          0.11026840479809995,
          0.8294566295051055,
          0.5475788333023834,
          0.4937823850867506
        ],
        [
          0.0,
          0.0,
          0.0,
          1.0
        ]
      ]
    },
    {
      "file_path": "./corrected_images/30576865127.jpg",
      "sharpness": 800.4602415506943,
      "transform_matrix": [
        [
          -0.31083452435267106,
          -0.5276272185921833,
          0.7905639864543315,
          -1.6387226661630254
        ],
        [
          0.9502244351746785,
          -0.19118430133297573,
          0.2460123690403226,
          4.510355317762058
        ],
        [
          0.021340601393264286,
          0.8276823552135321,
          0.5607909571380775,
          1.1823341271185375
        ],
        [
          0.0,
          0.0,
          0.0,
          1.0
        ]
      ]
    },
    {
      "file_path": "./corrected_images/30579365913.jpg",
      "sharpness": 945.2114002482587,
      "transform_matrix": [
        [
          -0.462586266883718,
          -0.3168893202055462,
          0.828006705551164,
          -1.365917965649697
        ],
        [
          0.8801463958564102,
          -0.27640305826204337,
          0.38593221068525496,
          3.9008573810684823
        ],
        [
          0.1065657897863469,
          0.9072940582468695,
          0.40676925194098085,
          -0.27758257350468174
        ],
        [
          0.0,
          0.0,
          0.0,
          1.0
        ]
      ]
    },
    {
      "file_path": "./corrected_images/30574597747.jpg",
      "sharpness": 744.283027265816,
      "transform_matrix": [
        [
          -0.044790283839035924,
          -0.5060256227364084,
          0.8613546886244298,
          -2.0614712415251475
        ],
        [
          0.997531914564959,
          0.024015282593560634,
          0.06597988804450747,
          4.4275441501511015
        ],
        [
          -0.054073190196404504,
          0.8621840495762129,
          0.5037010569433349,
          1.9881833162902032
        ],
        [
          0.0,
          0.0,
          0.0,
          1.0
        ]
      ]
    },
    {
      "file_path": "./corrected_images/30579465945.jpg",
      "sharpness": 925.2736437426502,
      "transform_matrix": [
        [
          -0.4654948542556347,
          -0.3089350984699703,
          0.8293814837590207,
          -1.373979379503767
        ],
        [
          0.8788355652169564,
          -0.2722042431721047,
          0.3918582643111429,
          3.8739799158205734
        ],
        [
          0.10470238761634686,
          0.9112979506942185,
          0.39821282638237665,
          -0.32774515909381396
        ],
        [
          0.0,
          0.0,
          0.0,
          1.0
        ]
      ]
    },
    {
      "file_path": "./corrected_images/30580532947.jpg",
      "sharpness": 275.17122218596825,
      "transform_matrix": [
        [
          -0.432533694053415,
          -0.22257111402403384,
          0.8737143141313679,
          -1.3577556197944693
        ],
        [
          0.8978543993139441,
          -0.1947760194513652,
          0.39486678751108645,
          3.7272557863538167
        ],
        [
          0.08229265545675352,
          0.9552614309475891,
          0.284083645093003,
          -0.8708383594516833
        ],
        [
          0.0,
          0.0,
          0.0,
          1.0
        ]
      ]
    }
  ]
}